
Note: No compatibility mode selected!


Circuit: AutoAnalog AC Rev4

Warning -- Version not specified on line "level=8 tnom=27 tox=4.1e-9 xj=1.5e-7 nch=2.3549e17 vth0=0.5018 k1=0.5842 k2=6.429e-3 k3=80.906 k3b=3.9083 w0=2.495e-7 nlx=1.74e-7 ua=1.47e-9 ub=2.3e-18 uc=5.29e-11 u0=267.8577 vsat=1.0535e5 a0=2.1194 ags=0.3516 b0=-9.76e-8 b1=-3.84e-7 keta=-4.87e-2 dwnd=2.5e-8 dwpd=0.0 a1=3.0 a2=0.4 rdsw=200 prwg=0.5 prwb=-0.2 wr=1 wint=0.0 lint=1.7e-8 xl=0.0 xw=0.0 dwg=-7.9e-9 dwb=5.9e-9 voff=-0.1248 nfactor=2.1 cit=0.0 cdsc=2.4e-4 cdscd=0.0 cdscb=0.0 eta0=8.01e-3 etab=-1.42e-3 dsub=0.5014 pclm=1.1638 pdiblc1=0.998 pdiblc2=4.5e-3 pdiblcb=-0.0333 drout=0.9 pscbe1=8.14e8 pscbe2=5e-8 pvag=0.0 delta=0.01 rsh=6.5 mobmod=1 prt=0.0 ute=-1.5 kt1=-0.11 kt1l=0.0 kt2=0.022 ua1=4.31e-9 ub1=-7.61e-18 uc1=-5.6e-11 at=3.3e4 wl=0.0 wln=1.0 ww=0.0 wwn=1.0 wwl=0.0 ll=0.0 lln=1.0 lw=0.0 lwn=1.0 lwl=0.0 capmod=2 xpart=0.5 cgd0=6.86e-10 cgs0=6.86e-10 cgb0=2.0e-10 cj=1.0e-3 pb=1.0 mj=0.4 cjsw=3.5e-10 pbsw=1.0 mjsw=0.3 cf=0.0 pvth0=-1.18e-3 prdsw=0.0 pk2=2.55e-4 wketa=-2.9e-2 lketa=-5.0e-2 kf=1.0e-26 af=1.0 ef=1.0 noia=1.0e20 noib=5.0e4 noic=-1.4e-12 em=4.1e7"
Setting version to 'default'.
Warning -- Version not specified on line "level=8 tnom=27 tox=4.1e-9 xj=1.5e-7 nch=4.1589e17 vth0=-0.5013 k1=0.5560 k2=-7.78e-3 k3=2.367 k3b=1.5 w0=1.0e-6 nlx=5.0e-8 ua=-1.24e-9 ub=1.49e-18 uc=-5.74e-11 u0=90.0 vsat=8.407e4 a0=1.5386 ags=0.2904 b0=0.0 b1=0.0 keta=-2.59e-2 a1=0.0 a2=0.99 rdsw=715 prwg=-0.243 prwb=-0.0155 wr=1 wint=0.0 lint=2.36e-8 xl=0.0 xw=0.0 dwg=-2.8e-8 dwb=-9.3e-9 voff=-0.1248 nfactor=1.7 cit=0.0 cdsc=2.4e-4 cdscd=0.0 cdscb=0.0 eta0=0.3 etab=-0.0699 dsub=1.0 pclm=2.0017 pdiblc1=0.282 pdiblc2=2.5e-3 pdiblcb=-0.0106 drout=0.0 pscbe1=1.5e8 pscbe2=1e-8 pvag=-6.0e-3 delta=0.01 rsh=7.0 mobmod=1 prt=0.0 ute=-1.5 kt1=-0.11 kt1l=0.0 kt2=0.022 ua1=4.31e-9 ub1=-7.61e-18 uc1=-5.6e-11 at=3.3e4 wl=0.0 wln=1.0 ww=0.0 wwn=1.0 wwl=0.0 ll=0.0 lln=1.0 lw=0.0 lwn=1.0 lwl=0.0 capmod=2 xpart=0.5 cgd0=8.02e-10 cgs0=8.02e-10 cgb0=2.0e-10 cj=1.17e-3 pb=1.0 mj=0.5 cjsw=4.0e-10 pbsw=1.0 mjsw=0.33 cf=0.0 pvth0=1.4e-4 prdsw=-0.9 pk2=-3.0e-4 wketa=-7.0e-3 lketa=-0.0166 kf=3.0e-27 af=1.0 ef=1.0 noia=9.9e19 noib=3.0e4 noic=-1.0e-12 em=4.1e7"
Setting version to 'default'.
Warning: Model issue on line 24 :
  .model nmos_tt nmos level=8 tnom=27 tox=4.1e-9 xj=1.5e-7 nch=2.3549e17 v ...
unrecognized parameter (dwnd) - ignored
unrecognized parameter (dwpd) - ignored
unrecognized parameter (cgd0) - ignored
unrecognized parameter (cgs0) - ignored
unrecognized parameter (cgb0) - ignored

Warning: Model issue on line 28 :
  .model pmos_tt pmos level=8 tnom=27 tox=4.1e-9 xj=1.5e-7 nch=4.1589e17 v ...
unrecognized parameter (cgd0) - ignored
unrecognized parameter (cgs0) - ignored
unrecognized parameter (cgb0) - ignored

Using SPARSE 1.3 as Direct Linear Solver
Doing analysis at TEMP = 27.000000 and TNOM = 27.000000


No. of Data Rows : 901

No. of Data Rows : 1
	Node                                  Voltage
	----                                  -------
	----	-------
	xopa.vcomp                       8.531886e-01
	xopa.vout1                       1.077854e+00
	xopa.vd1                         1.077854e+00
	xopa.vtail                       1.648320e+00
	out                              8.531886e-01
	inn                              9.000000e-01
	inp                              9.000000e-01
	vbias                            5.700000e-01
	vdd                              1.800000e+00

	Source	Current
	------	-------

	vdd#branch                       -1.01236e-03
	vbias#branch                     8.933235e-05
	vin#branch                       0.000000e+00
	vinn#branch                      -4.68114e-11

 BSIM3: Berkeley Short Channel IGFET Model Version-3
     device             m.xopa.m6             m.xopa.m4             m.xopa.m3
      model               nmos_tt               nmos_tt               nmos_tt
          l                 5e-07                 1e-06                 1e-06
          w                 4e-05                 4e-06                 4e-06
          m                     1                     1                     1
         ad               1.2e-11               1.2e-12               1.2e-12
         as               1.2e-11               1.2e-12               1.2e-12
         pd                 8e-05                 8e-06                 8e-06
         ps                 8e-05                 8e-06                 8e-06
        nrd                     1                     1                     1
        nrs                     1                     1                     1
        off                     0                     0                     0
     nqsmod                     0                     0                     0
   acnqsmod                     0                     0                     0
        geo                     0                     0                     0
     delvto                     0                     0                     0
      mulu0                     1                     1                     1
       gmbs           0.000846862           4.25124e-05           4.25124e-05
         gm            0.00294171           0.000139711           0.000139711
        gds           5.00665e-05           9.64852e-07           9.64852e-07
      vdsat              0.351424              0.338992              0.338992
        vth               0.59842              0.615302              0.615302
         id           0.000839394           3.75526e-05           3.75526e-05
        vbs           -0.00545606          -0.000244092          -0.000244092
        vgs                1.0724               1.07761               1.07761
        vds              0.842277               1.07737               1.07737
        ibd          -8.48933e-13          -1.07773e-12          -1.07773e-12
        ibs          -5.68428e-15          -2.45219e-16          -2.45219e-16
        gbd                 1e-12                 1e-12                 1e-12
        gbs           1.03757e-12            1.0046e-12            1.0046e-12
         qb           -1.2749e-13          -2.36185e-14          -2.36185e-14
        cqb                     0                     0                     0
         qg           1.86034e-13            3.3146e-14            3.3146e-14
        cqg                     0                     0                     0
         qd           -1.4205e-15          -1.24343e-15          -1.24343e-15
        cqd                     0                     0                     0
        cgg           1.31972e-13           2.70668e-14           2.70668e-14
        cgd          -5.68031e-17          -6.11305e-18          -6.11305e-18
        cgs          -1.27851e-13          -2.61344e-14          -2.61344e-14
        cdg          -5.24146e-14          -1.08565e-14          -1.08565e-14
        cdd           6.44997e-17           5.94213e-18           5.94213e-18
        cds           6.87564e-14           1.43052e-14           1.43052e-14
        cbg          -2.71431e-14          -5.35373e-15          -5.35373e-15
        cbd          -7.21963e-17          -5.77121e-18          -5.77121e-18
        cbs           -9.6616e-15          -2.47596e-15          -2.47596e-15
      capbd           3.26768e-14           3.14416e-15           3.14416e-15
      capbs           3.99282e-14           3.99968e-15           3.99968e-15

 BSIM3: Berkeley Short Channel IGFET Model Version-3
     device             m.xopa.m7             m.xopa.m2             m.xopa.m1
      model               pmos_tt               pmos_tt               pmos_tt
          l                 1e-06                 1e-06                 1e-06
          w                 4e-05                 2e-05                 2e-05
          m                     1                     1                     1
         ad               1.2e-11                 6e-12                 6e-12
         as               1.2e-11                 6e-12                 6e-12
         pd                 8e-05                 4e-05                 4e-05
         ps                 8e-05                 4e-05                 4e-05
        nrd                     1                     1                     1
        nrs                     1                     1                     1
        off                     0                     0                     0
     nqsmod                     0                     0                     0
   acnqsmod                     0                     0                     0
        geo                     0                     0                     0
     delvto                     0                     0                     0
      mulu0                     1                     1                     1
       gmbs           0.000523678           8.25086e-05           8.25086e-05
         gm            0.00221844           0.000341486           0.000341486
        gds           8.91082e-05           4.35864e-06           4.35864e-06
      vdsat              0.549271              0.180356              0.180356
        vth              0.516766              0.557078              0.557078
         id           0.000847926           3.75526e-05           3.75526e-05
        vbs           -0.00593548             -0.151943             -0.151943
        vgs               1.22406              0.748057              0.748057
        vds               0.93494              0.569941              0.569941
        ibd          -9.42076e-13          -7.22484e-13          -7.22484e-13
        ibs          -6.18155e-15          -1.52541e-13          -1.52541e-13
        gbd                 1e-12                 1e-12                 1e-12
        gbs           1.03688e-12           1.00007e-12           1.00007e-12
         qb           -2.3678e-13          -1.12159e-13          -1.12159e-13
        cqb                     0                     0                     0
         qg           3.96172e-13            1.2841e-13            1.2841e-13
        cqg                     0                     0                     0
         qd          -4.67798e-14             1.929e-15             1.929e-15
        cqd                     0                     0                     0
        cgg           2.60729e-13           1.29229e-13           1.29229e-13
        cgd          -3.62377e-16          -8.08371e-17          -8.08371e-17
        cgs          -2.49274e-13          -1.20199e-13          -1.20199e-13
        cdg          -1.07302e-13          -5.33843e-14          -5.33843e-14
        cdd           3.14882e-16           6.82866e-17           6.82866e-17
        cds            1.3765e-13           6.74392e-14           6.74392e-14
        cbg          -4.61246e-14          -2.24603e-14          -2.24603e-14
        cbd          -2.67386e-16          -5.57361e-17          -5.57361e-17
        cbs          -2.60268e-14          -1.46795e-14          -1.46795e-14
      capbd           3.57884e-14           1.87231e-14           1.87231e-14
      capbs           4.59361e-14            2.1811e-14            2.1811e-14

 BSIM3: Berkeley Short Channel IGFET Model Version-3
     device             m.xopa.m5             m.xopa.m8
      model               pmos_tt               pmos_tt
          l                 1e-06                 1e-06
          w                 8e-06                 4e-06
          m                     1                     1
         ad               2.4e-12               1.2e-12
         as               2.4e-12               1.2e-12
         pd               1.6e-05                 8e-06
         ps               1.6e-05                 8e-06
        nrd                     1                     1
        nrs                     1                     1
        off                     0                     0
     nqsmod                     0                     0
   acnqsmod                     0                     0
        geo                     0                     0
     delvto                     0                     0
      mulu0                     1                     1
       gmbs           3.43408e-05           5.47213e-05
         gm           0.000119035           0.000232627
        gds           0.000419918           8.94835e-06
      vdsat               0.55325              0.552628
        vth              0.515949              0.516725
         id           7.51052e-05           8.93323e-05
        vbs          -0.000525736          -0.000625326
        vgs               1.22947               1.22937
        vds              0.150628               1.22875
        ibd          -1.51393e-13          -1.22949e-12
        ibs          -5.30565e-16          -6.28193e-16
        gbd           1.00003e-12                 1e-12
        gbs           1.00909e-12           1.00453e-12
         qb          -3.76986e-14          -2.46429e-14
        cqb                     0                     0
         qg           8.88508e-14           3.88468e-14
        cqg                     0                     0
         qd          -2.44447e-14          -2.85006e-15
        cqd                     0                     0
        cgg            6.3324e-14           2.60573e-14
        cgd          -2.44743e-14            -1.095e-17
        cgs          -3.81471e-14          -2.49307e-14
        cdg          -3.11726e-14          -1.07108e-14
        cdd           2.12908e-14           9.52545e-18
        cds           1.81765e-14           1.37622e-14
        cbg          -9.78691e-16           -4.6357e-15
        cbd          -1.81073e-14          -8.10092e-18
        cbs           1.79413e-15          -2.59368e-15
      capbd           8.72666e-15           3.39644e-15
      capbs           9.20615e-15            4.6029e-15

 Capacitor: Fixed capacitor
     device             c.xopa.cc                    cl
      model                     C                     C
capacitance                 3e-12                 1e-11
      dtemp                     0                     0
     bv_max                 1e+99                 1e+99
          i                     0                     0
          p                     0                     0

 Resistor: Simple linear resistor
     device             r.xopa.rc                    rl             rfeedback
      model                     R                     R                     R
 resistance                   700                100000                 1e+09
         ac                   700                100000                 1e+09
      dtemp                     0                     0                     0
     bv_max                 1e+99                 1e+99                 1e+99
      noisy                     1                     1                     1
          i           1.58603e-19           8.53189e-06          -4.68114e-11
          p           1.76085e-35           7.27931e-06            2.1913e-12

 Vsource: Independent voltage source
     device                  vinn                   vin                 vbias
         dc                   0.9                   0.9                  0.57
      acmag                     0                     1                     0
      pulse         -         -         -
        sin         -         -         -
        exp         -         -         -
        pwl         -         -         -
       sffm         -         -         -
         am         -         -         -
    trnoise         -         -         -
   trrandom         -         -         -
    portnum                     0                     0                     0
         z0                     0                     0                     0
        pwr                     0                     0                     0
       freq                     0                     0                     0
      phase                     0                     0                     0
          i          -4.68114e-11                     0           8.93323e-05
          p          -4.21302e-11                     0           5.09194e-05

 Vsource: Independent voltage source
     device                   vdd
         dc                   1.8
      acmag                     0
      pulse         -
        sin         -
        exp         -
        pwl         -
       sffm         -
         am         -
    trnoise         -
   trrandom         -
    portnum                     0
         z0                     0
        pwr                     0
       freq                     0
      phase                     0
          i           -0.00101236
          p           -0.00182225

                               AutoAnalog AC Rev4
                               AC Analysis  Wed Jul  8 22:05:10  2026
--------------------------------------------------------------------------------
Index   frequency       vdb(out)        vp(out)         
--------------------------------------------------------------------------------
0	1.000000e+00	6.187214e+01	3.141517e+00	
1	1.023293e+00	6.187214e+01	3.141515e+00	
2	1.047129e+00	6.187214e+01	3.141514e+00	
3	1.071519e+00	6.187214e+01	3.141512e+00	
4	1.096478e+00	6.187214e+01	3.141510e+00	
5	1.122018e+00	6.187214e+01	3.141508e+00	
6	1.148154e+00	6.187214e+01	3.141506e+00	
7	1.174898e+00	6.187214e+01	3.141504e+00	
8	1.202264e+00	6.187214e+01	3.141502e+00	
9	1.230269e+00	6.187214e+01	3.141500e+00	
10	1.258925e+00	6.187214e+01	3.141498e+00	
11	1.288250e+00	6.187214e+01	3.141495e+00	
12	1.318257e+00	6.187214e+01	3.141493e+00	
13	1.348963e+00	6.187214e+01	3.141491e+00	
14	1.380384e+00	6.187214e+01	3.141488e+00	
15	1.412538e+00	6.187214e+01	3.141486e+00	
16	1.445440e+00	6.187214e+01	3.141483e+00	
17	1.479108e+00	6.187214e+01	3.141481e+00	
18	1.513561e+00	6.187214e+01	3.141478e+00	
19	1.548817e+00	6.187214e+01	3.141476e+00	
20	1.584893e+00	6.187214e+01	3.141473e+00	
21	1.621810e+00	6.187214e+01	3.141470e+00	
22	1.659587e+00	6.187214e+01	3.141467e+00	
23	1.698244e+00	6.187214e+01	3.141464e+00	
24	1.737801e+00	6.187214e+01	3.141461e+00	
25	1.778279e+00	6.187214e+01	3.141458e+00	
26	1.819701e+00	6.187214e+01	3.141455e+00	
27	1.862087e+00	6.187214e+01	3.141452e+00	
28	1.905461e+00	6.187214e+01	3.141449e+00	
29	1.949845e+00	6.187214e+01	3.141445e+00	
30	1.995262e+00	6.187214e+01	3.141442e+00	
31	2.041738e+00	6.187214e+01	3.141438e+00	
32	2.089296e+00	6.187214e+01	3.141435e+00	
33	2.137962e+00	6.187214e+01	3.141431e+00	
34	2.187762e+00	6.187214e+01	3.141427e+00	
35	2.238721e+00	6.187214e+01	3.141423e+00	
36	2.290868e+00	6.187214e+01	3.141420e+00	
37	2.344229e+00	6.187214e+01	3.141416e+00	
38	2.398833e+00	6.187214e+01	3.141411e+00	
39	2.454709e+00	6.187214e+01	3.141407e+00	
40	2.511886e+00	6.187214e+01	3.141403e+00	
41	2.570396e+00	6.187214e+01	3.141398e+00	
42	2.630268e+00	6.187214e+01	3.141394e+00	
43	2.691535e+00	6.187214e+01	3.141389e+00	
44	2.754229e+00	6.187214e+01	3.141385e+00	
45	2.818383e+00	6.187214e+01	3.141380e+00	
46	2.884032e+00	6.187214e+01	3.141375e+00	
47	2.951209e+00	6.187214e+01	3.141370e+00	
48	3.019952e+00	6.187214e+01	3.141364e+00	
49	3.090295e+00	6.187214e+01	3.141359e+00	
50	3.162278e+00	6.187214e+01	3.141354e+00	
51	3.235937e+00	6.187214e+01	3.141348e+00	
52	3.311311e+00	6.187214e+01	3.141342e+00	
53	3.388442e+00	6.187214e+01	3.141337e+00	
54	3.467369e+00	6.187214e+01	3.141331e+00	

Index   frequency       vdb(out)        vp(out)         
--------------------------------------------------------------------------------
55	3.548134e+00	6.187214e+01	3.141325e+00	
56	3.630781e+00	6.187214e+01	3.141318e+00	
57	3.715352e+00	6.187214e+01	3.141312e+00	
58	3.801894e+00	6.187214e+01	3.141305e+00	
59	3.890451e+00	6.187214e+01	3.141299e+00	
60	3.981072e+00	6.187214e+01	3.141292e+00	
61	4.073803e+00	6.187214e+01	3.141285e+00	
62	4.168694e+00	6.187214e+01	3.141278e+00	
63	4.265795e+00	6.187214e+01	3.141270e+00	
64	4.365158e+00	6.187214e+01	3.141263e+00	
65	4.466836e+00	6.187214e+01	3.141255e+00	
66	4.570882e+00	6.187214e+01	3.141247e+00	
67	4.677351e+00	6.187214e+01	3.141239e+00	
68	4.786301e+00	6.187214e+01	3.141231e+00	
69	4.897788e+00	6.187214e+01	3.141223e+00	
70	5.011872e+00	6.187214e+01	3.141214e+00	
71	5.128614e+00	6.187214e+01	3.141205e+00	
72	5.248075e+00	6.187214e+01	3.141196e+00	
73	5.370318e+00	6.187214e+01	3.141187e+00	
74	5.495409e+00	6.187214e+01	3.141177e+00	
75	5.623413e+00	6.187214e+01	3.141168e+00	
76	5.754399e+00	6.187214e+01	3.141158e+00	
77	5.888437e+00	6.187214e+01	3.141148e+00	
78	6.025596e+00	6.187214e+01	3.141137e+00	
79	6.165950e+00	6.187214e+01	3.141127e+00	
80	6.309573e+00	6.187214e+01	3.141116e+00	
81	6.456542e+00	6.187214e+01	3.141105e+00	
82	6.606934e+00	6.187214e+01	3.141093e+00	
83	6.760830e+00	6.187214e+01	3.141082e+00	
84	6.918310e+00	6.187214e+01	3.141070e+00	
85	7.079458e+00	6.187214e+01	3.141058e+00	
86	7.244360e+00	6.187214e+01	3.141045e+00	
87	7.413102e+00	6.187214e+01	3.141032e+00	
88	7.585776e+00	6.187214e+01	3.141019e+00	
89	7.762471e+00	6.187214e+01	3.141006e+00	
90	7.943282e+00	6.187214e+01	3.140992e+00	
91	8.128305e+00	6.187214e+01	3.140978e+00	
92	8.317638e+00	6.187214e+01	3.140964e+00	
93	8.511380e+00	6.187214e+01	3.140949e+00	
94	8.709636e+00	6.187214e+01	3.140934e+00	
95	8.912509e+00	6.187214e+01	3.140919e+00	
96	9.120108e+00	6.187214e+01	3.140903e+00	
97	9.332543e+00	6.187214e+01	3.140887e+00	
98	9.549926e+00	6.187214e+01	3.140871e+00	
99	9.772372e+00	6.187214e+01	3.140854e+00	
100	1.000000e+01	6.187214e+01	3.140837e+00	
101	1.023293e+01	6.187214e+01	3.140819e+00	
102	1.047129e+01	6.187214e+01	3.140801e+00	
103	1.071519e+01	6.187214e+01	3.140783e+00	
104	1.096478e+01	6.187214e+01	3.140764e+00	
105	1.122018e+01	6.187214e+01	3.140745e+00	
106	1.148154e+01	6.187214e+01	3.140725e+00	
107	1.174898e+01	6.187214e+01	3.140705e+00	
108	1.202264e+01	6.187214e+01	3.140684e+00	
109	1.230269e+01	6.187214e+01	3.140663e+00	
110	1.258925e+01	6.187214e+01	3.140641e+00	
111	1.288250e+01	6.187214e+01	3.140619e+00	
112	1.318257e+01	6.187214e+01	3.140596e+00	

Index   frequency       vdb(out)        vp(out)         
--------------------------------------------------------------------------------
113	1.348963e+01	6.187214e+01	3.140573e+00	
114	1.380384e+01	6.187214e+01	3.140550e+00	
115	1.412538e+01	6.187214e+01	3.140525e+00	
116	1.445440e+01	6.187214e+01	3.140500e+00	
117	1.479108e+01	6.187214e+01	3.140475e+00	
118	1.513561e+01	6.187214e+01	3.140449e+00	
119	1.548817e+01	6.187214e+01	3.140422e+00	
120	1.584893e+01	6.187214e+01	3.140395e+00	
121	1.621810e+01	6.187214e+01	3.140367e+00	
122	1.659587e+01	6.187214e+01	3.140339e+00	
123	1.698244e+01	6.187214e+01	3.140309e+00	
124	1.737801e+01	6.187214e+01	3.140279e+00	
125	1.778279e+01	6.187213e+01	3.140249e+00	
126	1.819701e+01	6.187213e+01	3.140218e+00	
127	1.862087e+01	6.187213e+01	3.140186e+00	
128	1.905461e+01	6.187213e+01	3.140153e+00	
129	1.949845e+01	6.187213e+01	3.140119e+00	
130	1.995262e+01	6.187213e+01	3.140085e+00	
131	2.041738e+01	6.187213e+01	3.140050e+00	
132	2.089296e+01	6.187213e+01	3.140014e+00	
133	2.137962e+01	6.187213e+01	3.139977e+00	
134	2.187762e+01	6.187213e+01	3.139939e+00	
135	2.238721e+01	6.187213e+01	3.139901e+00	
136	2.290868e+01	6.187213e+01	3.139861e+00	
137	2.344229e+01	6.187213e+01	3.139821e+00	
138	2.398833e+01	6.187213e+01	3.139780e+00	
139	2.454709e+01	6.187213e+01	3.139738e+00	
140	2.511886e+01	6.187213e+01	3.139694e+00	
141	2.570396e+01	6.187213e+01	3.139650e+00	
142	2.630268e+01	6.187213e+01	3.139605e+00	
143	2.691535e+01	6.187212e+01	3.139559e+00	
144	2.754229e+01	6.187212e+01	3.139511e+00	
145	2.818383e+01	6.187212e+01	3.139463e+00	
146	2.884032e+01	6.187212e+01	3.139413e+00	
147	2.951209e+01	6.187212e+01	3.139362e+00	
148	3.019952e+01	6.187212e+01	3.139311e+00	
149	3.090295e+01	6.187212e+01	3.139257e+00	
150	3.162278e+01	6.187212e+01	3.139203e+00	
151	3.235937e+01	6.187212e+01	3.139147e+00	
152	3.311311e+01	6.187212e+01	3.139090e+00	
153	3.388442e+01	6.187211e+01	3.139032e+00	
154	3.467369e+01	6.187211e+01	3.138972e+00	
155	3.548134e+01	6.187211e+01	3.138911e+00	
156	3.630781e+01	6.187211e+01	3.138849e+00	
157	3.715352e+01	6.187211e+01	3.138785e+00	
158	3.801894e+01	6.187211e+01	3.138720e+00	
159	3.890451e+01	6.187211e+01	3.138653e+00	
160	3.981072e+01	6.187210e+01	3.138584e+00	
161	4.073803e+01	6.187210e+01	3.138514e+00	
162	4.168694e+01	6.187210e+01	3.138442e+00	
163	4.265795e+01	6.187210e+01	3.138369e+00	
164	4.365158e+01	6.187210e+01	3.138294e+00	
165	4.466836e+01	6.187209e+01	3.138217e+00	
166	4.570882e+01	6.187209e+01	3.138139e+00	
167	4.677351e+01	6.187209e+01	3.138058e+00	
168	4.786301e+01	6.187209e+01	3.137976e+00	
169	4.897788e+01	6.187208e+01	3.137892e+00	
170	5.011872e+01	6.187208e+01	3.137805e+00	

Index   frequency       vdb(out)        vp(out)         
--------------------------------------------------------------------------------
171	5.128614e+01	6.187208e+01	3.137717e+00	
172	5.248075e+01	6.187207e+01	3.137627e+00	
173	5.370318e+01	6.187207e+01	3.137534e+00	
174	5.495409e+01	6.187207e+01	3.137440e+00	
175	5.623413e+01	6.187206e+01	3.137343e+00	
176	5.754399e+01	6.187206e+01	3.137244e+00	
177	5.888437e+01	6.187206e+01	3.137143e+00	
178	6.025596e+01	6.187205e+01	3.137039e+00	
179	6.165950e+01	6.187205e+01	3.136933e+00	
180	6.309573e+01	6.187204e+01	3.136825e+00	
181	6.456542e+01	6.187204e+01	3.136714e+00	
182	6.606934e+01	6.187203e+01	3.136600e+00	
183	6.760830e+01	6.187203e+01	3.136484e+00	
184	6.918310e+01	6.187202e+01	3.136365e+00	
185	7.079458e+01	6.187202e+01	3.136243e+00	
186	7.244360e+01	6.187201e+01	3.136118e+00	
187	7.413102e+01	6.187201e+01	3.135991e+00	
188	7.585776e+01	6.187200e+01	3.135860e+00	
189	7.762471e+01	6.187199e+01	3.135727e+00	
190	7.943282e+01	6.187199e+01	3.135590e+00	
191	8.128305e+01	6.187198e+01	3.135450e+00	
192	8.317638e+01	6.187197e+01	3.135307e+00	
193	8.511380e+01	6.187196e+01	3.135161e+00	
194	8.709636e+01	6.187195e+01	3.135011e+00	
195	8.912509e+01	6.187195e+01	3.134858e+00	
196	9.120108e+01	6.187194e+01	3.134701e+00	
197	9.332543e+01	6.187193e+01	3.134540e+00	
198	9.549926e+01	6.187192e+01	3.134376e+00	
199	9.772372e+01	6.187191e+01	3.134208e+00	
200	1.000000e+02	6.187189e+01	3.134036e+00	
201	1.023293e+02	6.187188e+01	3.133860e+00	
202	1.047129e+02	6.187187e+01	3.133680e+00	
203	1.071519e+02	6.187186e+01	3.133496e+00	
204	1.096478e+02	6.187184e+01	3.133307e+00	
205	1.122018e+02	6.187183e+01	3.133114e+00	
206	1.148154e+02	6.187182e+01	3.132916e+00	
207	1.174898e+02	6.187180e+01	3.132714e+00	
208	1.202264e+02	6.187178e+01	3.132508e+00	
209	1.230269e+02	6.187177e+01	3.132296e+00	
210	1.258925e+02	6.187175e+01	3.132079e+00	
211	1.288250e+02	6.187173e+01	3.131858e+00	
212	1.318257e+02	6.187171e+01	3.131631e+00	
213	1.348963e+02	6.187169e+01	3.131399e+00	
214	1.380384e+02	6.187167e+01	3.131162e+00	
215	1.412538e+02	6.187165e+01	3.130919e+00	
216	1.445440e+02	6.187162e+01	3.130670e+00	
217	1.479108e+02	6.187160e+01	3.130416e+00	
218	1.513561e+02	6.187157e+01	3.130155e+00	
219	1.548817e+02	6.187155e+01	3.129889e+00	
220	1.584893e+02	6.187152e+01	3.129616e+00	
221	1.621810e+02	6.187149e+01	3.129338e+00	
222	1.659587e+02	6.187146e+01	3.129052e+00	
223	1.698244e+02	6.187143e+01	3.128760e+00	
224	1.737801e+02	6.187139e+01	3.128461e+00	
225	1.778279e+02	6.187136e+01	3.128155e+00	
226	1.819701e+02	6.187132e+01	3.127842e+00	
227	1.862087e+02	6.187128e+01	3.127522e+00	
228	1.905461e+02	6.187124e+01	3.127194e+00	

Index   frequency       vdb(out)        vp(out)         
--------------------------------------------------------------------------------
229	1.949845e+02	6.187120e+01	3.126859e+00	
230	1.995262e+02	6.187116e+01	3.126516e+00	
231	2.041738e+02	6.187111e+01	3.126165e+00	
232	2.089296e+02	6.187106e+01	3.125806e+00	
233	2.137962e+02	6.187101e+01	3.125438e+00	
234	2.187762e+02	6.187096e+01	3.125062e+00	
235	2.238721e+02	6.187090e+01	3.124677e+00	
236	2.290868e+02	6.187084e+01	3.124283e+00	
237	2.344229e+02	6.187078e+01	3.123880e+00	
238	2.398833e+02	6.187072e+01	3.123467e+00	
239	2.454709e+02	6.187065e+01	3.123045e+00	
240	2.511886e+02	6.187058e+01	3.122613e+00	
241	2.570396e+02	6.187051e+01	3.122171e+00	
242	2.630268e+02	6.187043e+01	3.121719e+00	
243	2.691535e+02	6.187035e+01	3.121256e+00	
244	2.754229e+02	6.187026e+01	3.120782e+00	
245	2.818383e+02	6.187017e+01	3.120298e+00	
246	2.884032e+02	6.187008e+01	3.119802e+00	
247	2.951209e+02	6.186998e+01	3.119295e+00	
248	3.019952e+02	6.186988e+01	3.118775e+00	
249	3.090295e+02	6.186978e+01	3.118244e+00	
250	3.162278e+02	6.186966e+01	3.117700e+00	
251	3.235937e+02	6.186955e+01	3.117144e+00	
252	3.311311e+02	6.186943e+01	3.116575e+00	
253	3.388442e+02	6.186930e+01	3.115992e+00	
254	3.467369e+02	6.186916e+01	3.115396e+00	
255	3.548134e+02	6.186902e+01	3.114787e+00	
256	3.630781e+02	6.186888e+01	3.114162e+00	
257	3.715352e+02	6.186872e+01	3.113524e+00	
258	3.801894e+02	6.186856e+01	3.112870e+00	
259	3.890451e+02	6.186839e+01	3.112202e+00	
260	3.981072e+02	6.186822e+01	3.111518e+00	
261	4.073803e+02	6.186803e+01	3.110817e+00	
262	4.168694e+02	6.186784e+01	3.110101e+00	
263	4.265795e+02	6.186763e+01	3.109368e+00	
264	4.365158e+02	6.186742e+01	3.108618e+00	
265	4.466836e+02	6.186720e+01	3.107850e+00	
266	4.570882e+02	6.186697e+01	3.107065e+00	
267	4.677351e+02	6.186672e+01	3.106262e+00	
268	4.786301e+02	6.186647e+01	3.105439e+00	
269	4.897788e+02	6.186620e+01	3.104598e+00	
270	5.011872e+02	6.186592e+01	3.103737e+00	
271	5.128614e+02	6.186563e+01	3.102856e+00	
272	5.248075e+02	6.186532e+01	3.101955e+00	
273	5.370318e+02	6.186500e+01	3.101032e+00	
274	5.495409e+02	6.186466e+01	3.100089e+00	
275	5.623413e+02	6.186431e+01	3.099123e+00	
276	5.754399e+02	6.186394e+01	3.098135e+00	
277	5.888437e+02	6.186356e+01	3.097124e+00	
278	6.025596e+02	6.186315e+01	3.096090e+00	
279	6.165950e+02	6.186273e+01	3.095031e+00	
280	6.309573e+02	6.186229e+01	3.093948e+00	
281	6.456542e+02	6.186182e+01	3.092840e+00	
282	6.606934e+02	6.186134e+01	3.091707e+00	
283	6.760830e+02	6.186083e+01	3.090547e+00	
284	6.918310e+02	6.186030e+01	3.089360e+00	
285	7.079458e+02	6.185974e+01	3.088145e+00	
286	7.244360e+02	6.185915e+01	3.086903e+00	

Index   frequency       vdb(out)        vp(out)         
--------------------------------------------------------------------------------
287	7.413102e+02	6.185854e+01	3.085632e+00	
288	7.585776e+02	6.185790e+01	3.084331e+00	
289	7.762471e+02	6.185723e+01	3.083000e+00	
290	7.943282e+02	6.185653e+01	3.081639e+00	
291	8.128305e+02	6.185580e+01	3.080246e+00	
292	8.317638e+02	6.185503e+01	3.078820e+00	
293	8.511380e+02	6.185422e+01	3.077362e+00	
294	8.709636e+02	6.185338e+01	3.075870e+00	
295	8.912509e+02	6.185250e+01	3.074344e+00	
296	9.120108e+02	6.185157e+01	3.072782e+00	
297	9.332543e+02	6.185061e+01	3.071185e+00	
298	9.549926e+02	6.184960e+01	3.069551e+00	
299	9.772372e+02	6.184854e+01	3.067878e+00	
300	1.000000e+03	6.184743e+01	3.066168e+00	
301	1.023293e+03	6.184626e+01	3.064418e+00	
302	1.047129e+03	6.184505e+01	3.062628e+00	
303	1.071519e+03	6.184378e+01	3.060796e+00	
304	1.096478e+03	6.184244e+01	3.058923e+00	
305	1.122018e+03	6.184105e+01	3.057006e+00	
306	1.148154e+03	6.183959e+01	3.055045e+00	
307	1.174898e+03	6.183806e+01	3.053040e+00	
308	1.202264e+03	6.183646e+01	3.050988e+00	
309	1.230269e+03	6.183479e+01	3.048890e+00	
310	1.258925e+03	6.183303e+01	3.046743e+00	
311	1.288250e+03	6.183120e+01	3.044548e+00	
312	1.318257e+03	6.182928e+01	3.042302e+00	
313	1.348963e+03	6.182727e+01	3.040005e+00	
314	1.380384e+03	6.182517e+01	3.037655e+00	
315	1.412538e+03	6.182297e+01	3.035252e+00	
316	1.445440e+03	6.182066e+01	3.032795e+00	
317	1.479108e+03	6.181825e+01	3.030281e+00	
318	1.513561e+03	6.181573e+01	3.027710e+00	
319	1.548817e+03	6.181309e+01	3.025081e+00	
320	1.584893e+03	6.181032e+01	3.022393e+00	
321	1.621810e+03	6.180743e+01	3.019643e+00	
322	1.659587e+03	6.180440e+01	3.016832e+00	
323	1.698244e+03	6.180124e+01	3.013957e+00	
324	1.737801e+03	6.179792e+01	3.011017e+00	
325	1.778279e+03	6.179446e+01	3.008011e+00	
326	1.819701e+03	6.179083e+01	3.004938e+00	
327	1.862087e+03	6.178704e+01	3.001795e+00	
328	1.905461e+03	6.178307e+01	2.998583e+00	
329	1.949845e+03	6.177891e+01	2.995298e+00	
330	1.995262e+03	6.177457e+01	2.991941e+00	
331	2.041738e+03	6.177002e+01	2.988509e+00	
332	2.089296e+03	6.176527e+01	2.985000e+00	
333	2.137962e+03	6.176030e+01	2.981414e+00	
334	2.187762e+03	6.175510e+01	2.977749e+00	
335	2.238721e+03	6.174966e+01	2.974002e+00	
336	2.290868e+03	6.174397e+01	2.970174e+00	
337	2.344229e+03	6.173802e+01	2.966261e+00	
338	2.398833e+03	6.173180e+01	2.962263e+00	
339	2.454709e+03	6.172530e+01	2.958178e+00	
340	2.511886e+03	6.171850e+01	2.954004e+00	
341	2.570396e+03	6.171139e+01	2.949740e+00	
342	2.630268e+03	6.170396e+01	2.945384e+00	
343	2.691535e+03	6.169619e+01	2.940934e+00	
344	2.754229e+03	6.168807e+01	2.936388e+00	

Index   frequency       vdb(out)        vp(out)         
--------------------------------------------------------------------------------
345	2.818383e+03	6.167959e+01	2.931746e+00	
346	2.884032e+03	6.167072e+01	2.927005e+00	
347	2.951209e+03	6.166145e+01	2.922163e+00	
348	3.019952e+03	6.165177e+01	2.917220e+00	
349	3.090295e+03	6.164165e+01	2.912173e+00	
350	3.162278e+03	6.163109e+01	2.907021e+00	
351	3.235937e+03	6.162005e+01	2.901762e+00	
352	3.311311e+03	6.160852e+01	2.896394e+00	
353	3.388442e+03	6.159649e+01	2.890916e+00	
354	3.467369e+03	6.158392e+01	2.885327e+00	
355	3.548134e+03	6.157079e+01	2.879624e+00	
356	3.630781e+03	6.155709e+01	2.873806e+00	
357	3.715352e+03	6.154280e+01	2.867872e+00	
358	3.801894e+03	6.152787e+01	2.861820e+00	
359	3.890451e+03	6.151230e+01	2.855649e+00	
360	3.981072e+03	6.149606e+01	2.849357e+00	
361	4.073803e+03	6.147911e+01	2.842943e+00	
362	4.168694e+03	6.146144e+01	2.836406e+00	
363	4.265795e+03	6.144301e+01	2.829744e+00	
364	4.365158e+03	6.142380e+01	2.822957e+00	
365	4.466836e+03	6.140377e+01	2.816042e+00	
366	4.570882e+03	6.138289e+01	2.809000e+00	
367	4.677351e+03	6.136114e+01	2.801830e+00	
368	4.786301e+03	6.133848e+01	2.794529e+00	
369	4.897788e+03	6.131488e+01	2.787098e+00	
370	5.011872e+03	6.129030e+01	2.779536e+00	
371	5.128614e+03	6.126471e+01	2.771843e+00	
372	5.248075e+03	6.123808e+01	2.764017e+00	
373	5.370318e+03	6.121036e+01	2.756060e+00	
374	5.495409e+03	6.118153e+01	2.747969e+00	
375	5.623413e+03	6.115154e+01	2.739746e+00	
376	5.754399e+03	6.112036e+01	2.731391e+00	
377	5.888437e+03	6.108795e+01	2.722903e+00	
378	6.025596e+03	6.105426e+01	2.714283e+00	
379	6.165950e+03	6.101927e+01	2.705532e+00	
380	6.309573e+03	6.098293e+01	2.696651e+00	
381	6.456542e+03	6.094520e+01	2.687640e+00	
382	6.606934e+03	6.090604e+01	2.678500e+00	
383	6.760830e+03	6.086541e+01	2.669232e+00	
384	6.918310e+03	6.082326e+01	2.659839e+00	
385	7.079458e+03	6.077957e+01	2.650321e+00	
386	7.244360e+03	6.073428e+01	2.640681e+00	
387	7.413102e+03	6.068736e+01	2.630920e+00	
388	7.585776e+03	6.063876e+01	2.621042e+00	
389	7.762471e+03	6.058845e+01	2.611047e+00	
390	7.943282e+03	6.053639e+01	2.600940e+00	
391	8.128305e+03	6.048253e+01	2.590722e+00	
392	8.317638e+03	6.042685e+01	2.580398e+00	
393	8.511380e+03	6.036929e+01	2.569970e+00	
394	8.709636e+03	6.030983e+01	2.559441e+00	
395	8.912509e+03	6.024842e+01	2.548816e+00	
396	9.120108e+03	6.018504e+01	2.538099e+00	
397	9.332543e+03	6.011965e+01	2.527293e+00	
398	9.549926e+03	6.005221e+01	2.516404e+00	
399	9.772372e+03	5.998270e+01	2.505435e+00	
400	1.000000e+04	5.991109e+01	2.494391e+00	
401	1.023293e+04	5.983735e+01	2.483278e+00	
402	1.047129e+04	5.976145e+01	2.472099e+00	

Index   frequency       vdb(out)        vp(out)         
--------------------------------------------------------------------------------
403	1.071519e+04	5.968338e+01	2.460862e+00	
404	1.096478e+04	5.960309e+01	2.449570e+00	
405	1.122018e+04	5.952059e+01	2.438230e+00	
406	1.148154e+04	5.943585e+01	2.426846e+00	
407	1.174898e+04	5.934885e+01	2.415426e+00	
408	1.202264e+04	5.925958e+01	2.403974e+00	
409	1.230269e+04	5.916802e+01	2.392497e+00	
410	1.258925e+04	5.907418e+01	2.381000e+00	
411	1.288250e+04	5.897804e+01	2.369490e+00	
412	1.318257e+04	5.887961e+01	2.357973e+00	
413	1.348963e+04	5.877886e+01	2.346454e+00	
414	1.380384e+04	5.867582e+01	2.334940e+00	
415	1.412538e+04	5.857048e+01	2.323437e+00	
416	1.445440e+04	5.846285e+01	2.311951e+00	
417	1.479108e+04	5.835293e+01	2.300489e+00	
418	1.513561e+04	5.824073e+01	2.289055e+00	
419	1.548817e+04	5.812628e+01	2.277656e+00	
420	1.584893e+04	5.800958e+01	2.266297e+00	
421	1.621810e+04	5.789065e+01	2.254985e+00	
422	1.659587e+04	5.776951e+01	2.243725e+00	
423	1.698244e+04	5.764618e+01	2.232522e+00	
424	1.737801e+04	5.752069e+01	2.221382e+00	
425	1.778279e+04	5.739305e+01	2.210309e+00	
426	1.819701e+04	5.726331e+01	2.199309e+00	
427	1.862087e+04	5.713147e+01	2.188386e+00	
428	1.905461e+04	5.699759e+01	2.177546e+00	
429	1.949845e+04	5.686168e+01	2.166792e+00	
430	1.995262e+04	5.672379e+01	2.156128e+00	
431	2.041738e+04	5.658394e+01	2.145560e+00	
432	2.089296e+04	5.644217e+01	2.135090e+00	
433	2.137962e+04	5.629852e+01	2.124722e+00	
434	2.187762e+04	5.615302e+01	2.114459e+00	
435	2.238721e+04	5.600572e+01	2.104306e+00	
436	2.290868e+04	5.585665e+01	2.094264e+00	
437	2.344229e+04	5.570585e+01	2.084336e+00	
438	2.398833e+04	5.555336e+01	2.074525e+00	
439	2.454709e+04	5.539923e+01	2.064834e+00	
440	2.511886e+04	5.524349e+01	2.055264e+00	
441	2.570396e+04	5.508618e+01	2.045818e+00	
442	2.630268e+04	5.492734e+01	2.036496e+00	
443	2.691535e+04	5.476702e+01	2.027301e+00	
444	2.754229e+04	5.460526e+01	2.018234e+00	
445	2.818383e+04	5.444209e+01	2.009296e+00	
446	2.884032e+04	5.427756e+01	2.000488e+00	
447	2.951209e+04	5.411170e+01	1.991810e+00	
448	3.019952e+04	5.394456e+01	1.983264e+00	
449	3.090295e+04	5.377618e+01	1.974850e+00	
450	3.162278e+04	5.360658e+01	1.966567e+00	
451	3.235937e+04	5.343582e+01	1.958417e+00	
452	3.311311e+04	5.326393e+01	1.950399e+00	
453	3.388442e+04	5.309095e+01	1.942513e+00	
454	3.467369e+04	5.291690e+01	1.934759e+00	
455	3.548134e+04	5.274184e+01	1.927136e+00	
456	3.630781e+04	5.256578e+01	1.919644e+00	
457	3.715352e+04	5.238877e+01	1.912282e+00	
458	3.801894e+04	5.221085e+01	1.905050e+00	
459	3.890451e+04	5.203203e+01	1.897946e+00	
460	3.981072e+04	5.185236e+01	1.890970e+00	

Index   frequency       vdb(out)        vp(out)         
--------------------------------------------------------------------------------
461	4.073803e+04	5.167186e+01	1.884120e+00	
462	4.168694e+04	5.149056e+01	1.877396e+00	
463	4.265795e+04	5.130850e+01	1.870797e+00	
464	4.365158e+04	5.112570e+01	1.864321e+00	
465	4.466836e+04	5.094219e+01	1.857967e+00	
466	4.570882e+04	5.075800e+01	1.851733e+00	
467	4.677351e+04	5.057315e+01	1.845619e+00	
468	4.786301e+04	5.038767e+01	1.839622e+00	
469	4.897788e+04	5.020158e+01	1.833742e+00	
470	5.011872e+04	5.001490e+01	1.827977e+00	
471	5.128614e+04	4.982767e+01	1.822325e+00	
472	5.248075e+04	4.963989e+01	1.816784e+00	
473	5.370318e+04	4.945160e+01	1.811354e+00	
474	5.495409e+04	4.926281e+01	1.806032e+00	
475	5.623413e+04	4.907354e+01	1.800817e+00	
476	5.754399e+04	4.888381e+01	1.795707e+00	
477	5.888437e+04	4.869365e+01	1.790701e+00	
478	6.025596e+04	4.850306e+01	1.785797e+00	
479	6.165950e+04	4.831206e+01	1.780993e+00	
480	6.309573e+04	4.812068e+01	1.776287e+00	
481	6.456542e+04	4.792893e+01	1.771679e+00	
482	6.606934e+04	4.773682e+01	1.767165e+00	
483	6.760830e+04	4.754437e+01	1.762745e+00	
484	6.918310e+04	4.735159e+01	1.758417e+00	
485	7.079458e+04	4.715850e+01	1.754179e+00	
486	7.244360e+04	4.696511e+01	1.750030e+00	
487	7.413102e+04	4.677143e+01	1.745968e+00	
488	7.585776e+04	4.657747e+01	1.741991e+00	
489	7.762471e+04	4.638325e+01	1.738097e+00	
490	7.943282e+04	4.618877e+01	1.734286e+00	
491	8.128305e+04	4.599406e+01	1.730555e+00	
492	8.317638e+04	4.579911e+01	1.726902e+00	
493	8.511380e+04	4.560394e+01	1.723328e+00	
494	8.709636e+04	4.540856e+01	1.719829e+00	
495	8.912509e+04	4.521297e+01	1.716404e+00	
496	9.120108e+04	4.501719e+01	1.713052e+00	
497	9.332543e+04	4.482123e+01	1.709771e+00	
498	9.549926e+04	4.462508e+01	1.706560e+00	
499	9.772372e+04	4.442877e+01	1.703417e+00	
500	1.000000e+05	4.423229e+01	1.700342e+00	
501	1.023293e+05	4.403565e+01	1.697331e+00	
502	1.047129e+05	4.383887e+01	1.694385e+00	
503	1.071519e+05	4.364195e+01	1.691502e+00	
504	1.096478e+05	4.344488e+01	1.688680e+00	
505	1.122018e+05	4.324769e+01	1.685918e+00	
506	1.148154e+05	4.305037e+01	1.683215e+00	
507	1.174898e+05	4.285294e+01	1.680569e+00	
508	1.202264e+05	4.265539e+01	1.677980e+00	
509	1.230269e+05	4.245773e+01	1.675446e+00	
510	1.258925e+05	4.225996e+01	1.672965e+00	
511	1.288250e+05	4.206210e+01	1.670537e+00	
512	1.318257e+05	4.186414e+01	1.668160e+00	
513	1.348963e+05	4.166609e+01	1.665834e+00	
514	1.380384e+05	4.146795e+01	1.663556e+00	
515	1.412538e+05	4.126973e+01	1.661327e+00	
516	1.445440e+05	4.107143e+01	1.659144e+00	
517	1.479108e+05	4.087306e+01	1.657007e+00	
518	1.513561e+05	4.067461e+01	1.654915e+00	

Index   frequency       vdb(out)        vp(out)         
--------------------------------------------------------------------------------
519	1.548817e+05	4.047609e+01	1.652867e+00	
520	1.584893e+05	4.027751e+01	1.650861e+00	
521	1.621810e+05	4.007886e+01	1.648897e+00	
522	1.659587e+05	3.988015e+01	1.646973e+00	
523	1.698244e+05	3.968138e+01	1.645090e+00	
524	1.737801e+05	3.948256e+01	1.643245e+00	
525	1.778279e+05	3.928368e+01	1.641437e+00	
526	1.819701e+05	3.908476e+01	1.639667e+00	
527	1.862087e+05	3.888578e+01	1.637932e+00	
528	1.905461e+05	3.868676e+01	1.636233e+00	
529	1.949845e+05	3.848770e+01	1.634568e+00	
530	1.995262e+05	3.828859e+01	1.632936e+00	
531	2.041738e+05	3.808945e+01	1.631337e+00	
532	2.089296e+05	3.789026e+01	1.629769e+00	
533	2.137962e+05	3.769104e+01	1.628233e+00	
534	2.187762e+05	3.749178e+01	1.626726e+00	
535	2.238721e+05	3.729249e+01	1.625249e+00	
536	2.290868e+05	3.709317e+01	1.623801e+00	
537	2.344229e+05	3.689381e+01	1.622380e+00	
538	2.398833e+05	3.669443e+01	1.620986e+00	
539	2.454709e+05	3.649502e+01	1.619619e+00	
540	2.511886e+05	3.629558e+01	1.618277e+00	
541	2.570396e+05	3.609611e+01	1.616961e+00	
542	2.630268e+05	3.589662e+01	1.615669e+00	
543	2.691535e+05	3.569711e+01	1.614400e+00	
544	2.754229e+05	3.549758e+01	1.613154e+00	
545	2.818383e+05	3.529802e+01	1.611931e+00	
546	2.884032e+05	3.509844e+01	1.610729e+00	
547	2.951209e+05	3.489885e+01	1.609548e+00	
548	3.019952e+05	3.469923e+01	1.608388e+00	
549	3.090295e+05	3.449960e+01	1.607247e+00	
550	3.162278e+05	3.429995e+01	1.606126e+00	
551	3.235937e+05	3.410028e+01	1.605023e+00	
552	3.311311e+05	3.390060e+01	1.603939e+00	
553	3.388442e+05	3.370090e+01	1.602872e+00	
554	3.467369e+05	3.350119e+01	1.601821e+00	
555	3.548134e+05	3.330146e+01	1.600787e+00	
556	3.630781e+05	3.310172e+01	1.599769e+00	
557	3.715352e+05	3.290197e+01	1.598767e+00	
558	3.801894e+05	3.270220e+01	1.597779e+00	
559	3.890451e+05	3.250243e+01	1.596805e+00	
560	3.981072e+05	3.230264e+01	1.595845e+00	
561	4.073803e+05	3.210284e+01	1.594898e+00	
562	4.168694e+05	3.190303e+01	1.593964e+00	
563	4.265795e+05	3.170321e+01	1.593043e+00	
564	4.365158e+05	3.150338e+01	1.592133e+00	
565	4.466836e+05	3.130355e+01	1.591234e+00	
566	4.570882e+05	3.110370e+01	1.590346e+00	
567	4.677351e+05	3.090384e+01	1.589468e+00	
568	4.786301e+05	3.070398e+01	1.588601e+00	
569	4.897788e+05	3.050411e+01	1.587742e+00	
570	5.011872e+05	3.030423e+01	1.586893e+00	
571	5.128614e+05	3.010434e+01	1.586052e+00	
572	5.248075e+05	2.990445e+01	1.585219e+00	
573	5.370318e+05	2.970455e+01	1.584394e+00	
574	5.495409e+05	2.950464e+01	1.583576e+00	
575	5.623413e+05	2.930473e+01	1.582765e+00	
576	5.754399e+05	2.910481e+01	1.581960e+00	

Index   frequency       vdb(out)        vp(out)         
--------------------------------------------------------------------------------
577	5.888437e+05	2.890488e+01	1.581161e+00	
578	6.025596e+05	2.870495e+01	1.580367e+00	
579	6.165950e+05	2.850501e+01	1.579579e+00	
580	6.309573e+05	2.830506e+01	1.578795e+00	
581	6.456542e+05	2.810511e+01	1.578016e+00	
582	6.606934e+05	2.790516e+01	1.577240e+00	
583	6.760830e+05	2.770520e+01	1.576468e+00	
584	6.918310e+05	2.750523e+01	1.575698e+00	
585	7.079458e+05	2.730526e+01	1.574932e+00	
586	7.244360e+05	2.710528e+01	1.574167e+00	
587	7.413102e+05	2.690530e+01	1.573404e+00	
588	7.585776e+05	2.670531e+01	1.572643e+00	
589	7.762471e+05	2.650532e+01	1.571882e+00	
590	7.943282e+05	2.630532e+01	1.571123e+00	
591	8.128305e+05	2.610532e+01	1.570363e+00	
592	8.317638e+05	2.590531e+01	1.569603e+00	
593	8.511380e+05	2.570530e+01	1.568843e+00	
594	8.709636e+05	2.550528e+01	1.568081e+00	
595	8.912509e+05	2.530525e+01	1.567318e+00	
596	9.120108e+05	2.510522e+01	1.566553e+00	
597	9.332543e+05	2.490519e+01	1.565786e+00	
598	9.549926e+05	2.470515e+01	1.565016e+00	
599	9.772372e+05	2.450511e+01	1.564244e+00	
600	1.000000e+06	2.430505e+01	1.563467e+00	
601	1.023293e+06	2.410500e+01	1.562687e+00	
602	1.047129e+06	2.390494e+01	1.561903e+00	
603	1.071519e+06	2.370487e+01	1.561114e+00	
604	1.096478e+06	2.350479e+01	1.560320e+00	
605	1.122018e+06	2.330471e+01	1.559520e+00	
606	1.148154e+06	2.310463e+01	1.558714e+00	
607	1.174898e+06	2.290453e+01	1.557902e+00	
608	1.202264e+06	2.270443e+01	1.557083e+00	
609	1.230269e+06	2.250432e+01	1.556257e+00	
610	1.258925e+06	2.230421e+01	1.555423e+00	
611	1.288250e+06	2.210409e+01	1.554581e+00	
612	1.318257e+06	2.190396e+01	1.553731e+00	
613	1.348963e+06	2.170382e+01	1.552871e+00	
614	1.380384e+06	2.150367e+01	1.552002e+00	
615	1.412538e+06	2.130352e+01	1.551123e+00	
616	1.445440e+06	2.110335e+01	1.550234e+00	
617	1.479108e+06	2.090318e+01	1.549334e+00	
618	1.513561e+06	2.070300e+01	1.548422e+00	
619	1.548817e+06	2.050280e+01	1.547499e+00	
620	1.584893e+06	2.030260e+01	1.546563e+00	
621	1.621810e+06	2.010239e+01	1.545615e+00	
622	1.659587e+06	1.990216e+01	1.544653e+00	
623	1.698244e+06	1.970192e+01	1.543677e+00	
624	1.737801e+06	1.950167e+01	1.542687e+00	
625	1.778279e+06	1.930141e+01	1.541683e+00	
626	1.819701e+06	1.910114e+01	1.540663e+00	
627	1.862087e+06	1.890085e+01	1.539627e+00	
628	1.905461e+06	1.870054e+01	1.538574e+00	
629	1.949845e+06	1.850022e+01	1.537505e+00	
630	1.995262e+06	1.829989e+01	1.536418e+00	
631	2.041738e+06	1.809953e+01	1.535313e+00	
632	2.089296e+06	1.789916e+01	1.534189e+00	
633	2.137962e+06	1.769878e+01	1.533046e+00	
634	2.187762e+06	1.749837e+01	1.531884e+00	

Index   frequency       vdb(out)        vp(out)         
--------------------------------------------------------------------------------
635	2.238721e+06	1.729794e+01	1.530700e+00	
636	2.290868e+06	1.709750e+01	1.529496e+00	
637	2.344229e+06	1.689703e+01	1.528270e+00	
638	2.398833e+06	1.669654e+01	1.527021e+00	
639	2.454709e+06	1.649602e+01	1.525750e+00	
640	2.511886e+06	1.629548e+01	1.524454e+00	
641	2.570396e+06	1.609492e+01	1.523135e+00	
642	2.630268e+06	1.589432e+01	1.521790e+00	
643	2.691535e+06	1.569370e+01	1.520420e+00	
644	2.754229e+06	1.549305e+01	1.519023e+00	
645	2.818383e+06	1.529237e+01	1.517599e+00	
646	2.884032e+06	1.509165e+01	1.516147e+00	
647	2.951209e+06	1.489091e+01	1.514667e+00	
648	3.019952e+06	1.469012e+01	1.513157e+00	
649	3.090295e+06	1.448930e+01	1.511617e+00	
650	3.162278e+06	1.428844e+01	1.510046e+00	
651	3.235937e+06	1.408754e+01	1.508443e+00	
652	3.311311e+06	1.388660e+01	1.506808e+00	
653	3.388442e+06	1.368561e+01	1.505139e+00	
654	3.467369e+06	1.348458e+01	1.503436e+00	
655	3.548134e+06	1.328350e+01	1.501698e+00	
656	3.630781e+06	1.308236e+01	1.499924e+00	
657	3.715352e+06	1.288118e+01	1.498113e+00	
658	3.801894e+06	1.267993e+01	1.496264e+00	
659	3.890451e+06	1.247863e+01	1.494377e+00	
660	3.981072e+06	1.227727e+01	1.492450e+00	
661	4.073803e+06	1.207585e+01	1.490482e+00	
662	4.168694e+06	1.187435e+01	1.488472e+00	
663	4.265795e+06	1.167279e+01	1.486420e+00	
664	4.365158e+06	1.147116e+01	1.484324e+00	
665	4.466836e+06	1.126944e+01	1.482184e+00	
666	4.570882e+06	1.106765e+01	1.479997e+00	
667	4.677351e+06	1.086578e+01	1.477764e+00	
668	4.786301e+06	1.066381e+01	1.475483e+00	
669	4.897788e+06	1.046176e+01	1.473153e+00	
670	5.011872e+06	1.025961e+01	1.470773e+00	
671	5.128614e+06	1.005736e+01	1.468342e+00	
672	5.248075e+06	9.855001e+00	1.465858e+00	
673	5.370318e+06	9.652536e+00	1.463321e+00	
674	5.495409e+06	9.449956e+00	1.460729e+00	
675	5.623413e+06	9.247256e+00	1.458081e+00	
676	5.754399e+06	9.044431e+00	1.455375e+00	
677	5.888437e+06	8.841475e+00	1.452611e+00	
678	6.025596e+06	8.638383e+00	1.449787e+00	
679	6.165950e+06	8.435147e+00	1.446902e+00	
680	6.309573e+06	8.231761e+00	1.443954e+00	
681	6.456542e+06	8.028219e+00	1.440943e+00	
682	6.606934e+06	7.824513e+00	1.437867e+00	
683	6.760830e+06	7.620637e+00	1.434724e+00	
684	6.918310e+06	7.416582e+00	1.431513e+00	
685	7.079458e+06	7.212340e+00	1.428233e+00	
686	7.244360e+06	7.007904e+00	1.424882e+00	
687	7.413102e+06	6.803264e+00	1.421459e+00	
688	7.585776e+06	6.598411e+00	1.417962e+00	
689	7.762471e+06	6.393336e+00	1.414390e+00	
690	7.943282e+06	6.188030e+00	1.410742e+00	
691	8.128305e+06	5.982481e+00	1.407015e+00	
692	8.317638e+06	5.776679e+00	1.403209e+00	

Index   frequency       vdb(out)        vp(out)         
--------------------------------------------------------------------------------
693	8.511380e+06	5.570613e+00	1.399322e+00	
694	8.709636e+06	5.364271e+00	1.395352e+00	
695	8.912509e+06	5.157642e+00	1.391299e+00	
696	9.120108e+06	4.950712e+00	1.387159e+00	
697	9.332543e+06	4.743470e+00	1.382932e+00	
698	9.549926e+06	4.535901e+00	1.378616e+00	
699	9.772372e+06	4.327991e+00	1.374210e+00	
700	1.000000e+07	4.119726e+00	1.369712e+00	
701	1.023293e+07	3.911091e+00	1.365120e+00	
702	1.047129e+07	3.702070e+00	1.360434e+00	
703	1.071519e+07	3.492647e+00	1.355650e+00	
704	1.096478e+07	3.282804e+00	1.350769e+00	
705	1.122018e+07	3.072525e+00	1.345788e+00	
706	1.148154e+07	2.861791e+00	1.340706e+00	
707	1.174898e+07	2.650583e+00	1.335521e+00	
708	1.202264e+07	2.438883e+00	1.330232e+00	
709	1.230269e+07	2.226670e+00	1.324838e+00	
710	1.258925e+07	2.013923e+00	1.319336e+00	
711	1.288250e+07	1.800621e+00	1.313726e+00	
712	1.318257e+07	1.586742e+00	1.308007e+00	
713	1.348963e+07	1.372264e+00	1.302176e+00	
714	1.380384e+07	1.157162e+00	1.296233e+00	
715	1.412538e+07	9.414127e-01	1.290177e+00	
716	1.445440e+07	7.249912e-01	1.284006e+00	
717	1.479108e+07	5.078719e-01	1.277719e+00	
718	1.513561e+07	2.900285e-01	1.271315e+00	
719	1.548817e+07	7.143400e-02	1.264794e+00	
720	1.584893e+07	-1.47939e-01	1.258153e+00	
721	1.621810e+07	-3.68119e-01	1.251394e+00	
722	1.659587e+07	-5.89135e-01	1.244514e+00	
723	1.698244e+07	-8.11017e-01	1.237513e+00	
724	1.737801e+07	-1.03379e+00	1.230390e+00	
725	1.778279e+07	-1.25750e+00	1.223146e+00	
726	1.819701e+07	-1.48216e+00	1.215780e+00	
727	1.862087e+07	-1.70781e+00	1.208291e+00	
728	1.905461e+07	-1.93449e+00	1.200680e+00	
729	1.949845e+07	-2.16222e+00	1.192946e+00	
730	1.995262e+07	-2.39104e+00	1.185090e+00	
731	2.041738e+07	-2.62098e+00	1.177112e+00	
732	2.089296e+07	-2.85207e+00	1.169013e+00	
733	2.137962e+07	-3.08436e+00	1.160793e+00	
734	2.187762e+07	-3.31788e+00	1.152453e+00	
735	2.238721e+07	-3.55265e+00	1.143994e+00	
736	2.290868e+07	-3.78872e+00	1.135417e+00	
737	2.344229e+07	-4.02611e+00	1.126723e+00	
738	2.398833e+07	-4.26487e+00	1.117914e+00	
739	2.454709e+07	-4.50503e+00	1.108992e+00	
740	2.511886e+07	-4.74662e+00	1.099958e+00	
741	2.570396e+07	-4.98968e+00	1.090814e+00	
742	2.630268e+07	-5.23423e+00	1.081563e+00	
743	2.691535e+07	-5.48031e+00	1.072206e+00	
744	2.754229e+07	-5.72796e+00	1.062748e+00	
745	2.818383e+07	-5.97720e+00	1.053190e+00	
746	2.884032e+07	-6.22807e+00	1.043535e+00	
747	2.951209e+07	-6.48058e+00	1.033787e+00	
748	3.019952e+07	-6.73478e+00	1.023949e+00	
749	3.090295e+07	-6.99068e+00	1.014024e+00	
750	3.162278e+07	-7.24832e+00	1.004017e+00	

Index   frequency       vdb(out)        vp(out)         
--------------------------------------------------------------------------------
751	3.235937e+07	-7.50770e+00	9.939309e-01	
752	3.311311e+07	-7.76887e+00	9.837699e-01	
753	3.388442e+07	-8.03183e+00	9.735383e-01	
754	3.467369e+07	-8.29660e+00	9.632404e-01	
755	3.548134e+07	-8.56321e+00	9.528809e-01	
756	3.630781e+07	-8.83166e+00	9.424642e-01	
757	3.715352e+07	-9.10196e+00	9.319950e-01	
758	3.801894e+07	-9.37413e+00	9.214783e-01	
759	3.890451e+07	-9.64817e+00	9.109188e-01	
760	3.981072e+07	-9.92409e+00	9.003216e-01	
761	4.073803e+07	-1.02019e+01	8.896916e-01	
762	4.168694e+07	-1.04815e+01	8.790338e-01	
763	4.265795e+07	-1.07631e+01	8.683534e-01	
764	4.365158e+07	-1.10465e+01	8.576553e-01	
765	4.466836e+07	-1.13318e+01	8.469445e-01	
766	4.570882e+07	-1.16189e+01	8.362260e-01	
767	4.677351e+07	-1.19078e+01	8.255047e-01	
768	4.786301e+07	-1.21986e+01	8.147854e-01	
769	4.897788e+07	-1.24911e+01	8.040726e-01	
770	5.011872e+07	-1.27854e+01	7.933711e-01	
771	5.128614e+07	-1.30815e+01	7.826852e-01	
772	5.248075e+07	-1.33793e+01	7.720191e-01	
773	5.370318e+07	-1.36787e+01	7.613769e-01	
774	5.495409e+07	-1.39798e+01	7.507623e-01	
775	5.623413e+07	-1.42825e+01	7.401790e-01	
776	5.754399e+07	-1.45868e+01	7.296304e-01	
777	5.888437e+07	-1.48927e+01	7.191194e-01	
778	6.025596e+07	-1.52000e+01	7.086489e-01	
779	6.165950e+07	-1.55088e+01	6.982214e-01	
780	6.309573e+07	-1.58190e+01	6.878391e-01	
781	6.456542e+07	-1.61305e+01	6.775038e-01	
782	6.606934e+07	-1.64433e+01	6.672170e-01	
783	6.760830e+07	-1.67574e+01	6.569800e-01	
784	6.918310e+07	-1.70727e+01	6.467934e-01	
785	7.079458e+07	-1.73892e+01	6.366578e-01	
786	7.244360e+07	-1.77067e+01	6.265732e-01	
787	7.413102e+07	-1.80253e+01	6.165392e-01	
788	7.585776e+07	-1.83449e+01	6.065553e-01	
789	7.762471e+07	-1.86654e+01	5.966203e-01	
790	7.943282e+07	-1.89868e+01	5.867326e-01	
791	8.128305e+07	-1.93091e+01	5.768906e-01	
792	8.317638e+07	-1.96321e+01	5.670918e-01	
793	8.511380e+07	-1.99558e+01	5.573337e-01	
794	8.709636e+07	-2.02802e+01	5.476133e-01	
795	8.912509e+07	-2.06052e+01	5.379273e-01	
796	9.120108e+07	-2.09307e+01	5.282718e-01	
797	9.332543e+07	-2.12568e+01	5.186428e-01	
798	9.549926e+07	-2.15834e+01	5.090359e-01	
799	9.772372e+07	-2.19103e+01	4.994464e-01	
800	1.000000e+08	-2.22377e+01	4.898692e-01	
801	1.023293e+08	-2.25654e+01	4.802989e-01	
802	1.047129e+08	-2.28934e+01	4.707301e-01	
803	1.071519e+08	-2.32217e+01	4.611567e-01	
804	1.096478e+08	-2.35501e+01	4.515727e-01	
805	1.122018e+08	-2.38788e+01	4.419718e-01	
806	1.148154e+08	-2.42077e+01	4.323474e-01	
807	1.174898e+08	-2.45367e+01	4.226928e-01	
808	1.202264e+08	-2.48658e+01	4.130012e-01	

Index   frequency       vdb(out)        vp(out)         
--------------------------------------------------------------------------------
809	1.230269e+08	-2.51950e+01	4.032657e-01	
810	1.258925e+08	-2.55243e+01	3.934791e-01	
811	1.288250e+08	-2.58536e+01	3.836344e-01	
812	1.318257e+08	-2.61830e+01	3.737244e-01	
813	1.348963e+08	-2.65124e+01	3.637418e-01	
814	1.380384e+08	-2.68419e+01	3.536795e-01	
815	1.412538e+08	-2.71713e+01	3.435303e-01	
816	1.445440e+08	-2.75009e+01	3.332871e-01	
817	1.479108e+08	-2.78304e+01	3.229428e-01	
818	1.513561e+08	-2.81600e+01	3.124907e-01	
819	1.548817e+08	-2.84896e+01	3.019237e-01	
820	1.584893e+08	-2.88192e+01	2.912354e-01	
821	1.621810e+08	-2.91489e+01	2.804193e-01	
822	1.659587e+08	-2.94787e+01	2.694691e-01	
823	1.698244e+08	-2.98085e+01	2.583788e-01	
824	1.737801e+08	-3.01385e+01	2.471425e-01	
825	1.778279e+08	-3.04686e+01	2.357547e-01	
826	1.819701e+08	-3.07988e+01	2.242101e-01	
827	1.862087e+08	-3.11291e+01	2.125037e-01	
828	1.905461e+08	-3.14597e+01	2.006308e-01	
829	1.949845e+08	-3.17904e+01	1.885869e-01	
830	1.995262e+08	-3.21213e+01	1.763679e-01	
831	2.041738e+08	-3.24525e+01	1.639699e-01	
832	2.089296e+08	-3.27839e+01	1.513896e-01	
833	2.137962e+08	-3.31156e+01	1.386237e-01	
834	2.187762e+08	-3.34477e+01	1.256694e-01	
835	2.238721e+08	-3.37800e+01	1.125242e-01	
836	2.290868e+08	-3.41126e+01	9.918570e-02	
837	2.344229e+08	-3.44457e+01	8.565214e-02	
838	2.398833e+08	-3.47790e+01	7.192186e-02	
839	2.454709e+08	-3.51128e+01	5.799356e-02	
840	2.511886e+08	-3.54470e+01	4.386621e-02	
841	2.570396e+08	-3.57815e+01	2.953906e-02	
842	2.630268e+08	-3.61165e+01	1.501165e-02	
843	2.691535e+08	-3.64518e+01	2.837573e-04	
844	2.754229e+08	-3.67876e+01	-1.46446e-02	
845	2.818383e+08	-3.71238e+01	-2.97731e-02	
846	2.884032e+08	-3.74604e+01	-4.51014e-02	
847	2.951209e+08	-3.77974e+01	-6.06286e-02	
848	3.019952e+08	-3.81348e+01	-7.63539e-02	
849	3.090295e+08	-3.84726e+01	-9.22763e-02	
850	3.162278e+08	-3.88108e+01	-1.08394e-01	
851	3.235937e+08	-3.91493e+01	-1.24707e-01	
852	3.311311e+08	-3.94881e+01	-1.41212e-01	
853	3.388442e+08	-3.98273e+01	-1.57908e-01	
854	3.467369e+08	-4.01667e+01	-1.74794e-01	
855	3.548134e+08	-4.05064e+01	-1.91866e-01	
856	3.630781e+08	-4.08463e+01	-2.09124e-01	
857	3.715352e+08	-4.11863e+01	-2.26564e-01	
858	3.801894e+08	-4.15265e+01	-2.44185e-01	
859	3.890451e+08	-4.18668e+01	-2.61984e-01	
860	3.981072e+08	-4.22072e+01	-2.79959e-01	
861	4.073803e+08	-4.25475e+01	-2.98107e-01	
862	4.168694e+08	-4.28878e+01	-3.16425e-01	
863	4.265795e+08	-4.32280e+01	-3.34910e-01	
864	4.365158e+08	-4.35680e+01	-3.53560e-01	
865	4.466836e+08	-4.39078e+01	-3.72372e-01	
866	4.570882e+08	-4.42474e+01	-3.91343e-01	

Index   frequency       vdb(out)        vp(out)         
--------------------------------------------------------------------------------
867	4.677351e+08	-4.45866e+01	-4.10469e-01	
868	4.786301e+08	-4.49254e+01	-4.29747e-01	
869	4.897788e+08	-4.52637e+01	-4.49174e-01	
870	5.011872e+08	-4.56014e+01	-4.68747e-01	
871	5.128614e+08	-4.59386e+01	-4.88463e-01	
872	5.248075e+08	-4.62750e+01	-5.08316e-01	
873	5.370318e+08	-4.66107e+01	-5.28305e-01	
874	5.495409e+08	-4.69456e+01	-5.48426e-01	
875	5.623413e+08	-4.72795e+01	-5.68673e-01	
876	5.754399e+08	-4.76125e+01	-5.89045e-01	
877	5.888437e+08	-4.79443e+01	-6.09536e-01	
878	6.025596e+08	-4.82750e+01	-6.30143e-01	
879	6.165950e+08	-4.86045e+01	-6.50861e-01	
880	6.309573e+08	-4.89326e+01	-6.71687e-01	
881	6.456542e+08	-4.92593e+01	-6.92615e-01	
882	6.606934e+08	-4.95846e+01	-7.13643e-01	
883	6.760830e+08	-4.99083e+01	-7.34765e-01	
884	6.918310e+08	-5.02303e+01	-7.55977e-01	
885	7.079458e+08	-5.05506e+01	-7.77274e-01	
886	7.244360e+08	-5.08690e+01	-7.98652e-01	
887	7.413102e+08	-5.11856e+01	-8.20107e-01	
888	7.585776e+08	-5.15001e+01	-8.41633e-01	
889	7.762471e+08	-5.18127e+01	-8.63227e-01	
890	7.943282e+08	-5.21230e+01	-8.84883e-01	
891	8.128305e+08	-5.24311e+01	-9.06597e-01	
892	8.317638e+08	-5.27370e+01	-9.28365e-01	
893	8.511380e+08	-5.30404e+01	-9.50182e-01	
894	8.709636e+08	-5.33414e+01	-9.72043e-01	
895	8.912509e+08	-5.36399e+01	-9.93943e-01	
896	9.120108e+08	-5.39358e+01	-1.01588e+00	
897	9.332543e+08	-5.42290e+01	-1.03785e+00	
898	9.549926e+08	-5.45195e+01	-1.05984e+00	
899	9.772372e+08	-5.48072e+01	-1.08186e+00	
900	1.000000e+09	-5.50920e+01	-1.10389e+00	


Total analysis time (seconds) = 0.006

Total elapsed time (seconds) = 0.016 

Total DRAM available = 7636.180 MB.
DRAM currently available = 6884.816 MB.
Maximum ngspice program size =   29.605 MB.
Current ngspice program size =   13.000 MB.

Shared ngspice pages =   10.875 MB.
Text (code) pages =    6.156 MB.
Stack = 0 bytes.
Library pages =   10.367 MB.

